2.340548040530618490e+00
2.357632173272685261e+00
2.374716306014751588e+00
2.391800438756818359e+00
2.408884571498884686e+00
2.425968704240951457e+00
2.443052836983018228e+00
2.460136969725084555e+00
2.477221102467151326e+00
2.494305235209217653e+00
2.511389367951284424e+00
2.528473500693351195e+00
2.545557633435417522e+00
2.562641766177484293e+00
2.579725898919550620e+00
2.596810031661617391e+00
2.613894164403684162e+00
2.630978297145750489e+00
2.648062429887817260e+00
2.665146562629883586e+00
2.682230695371950357e+00
2.699314828114017129e+00
2.716398960856083455e+00
2.733483093598150226e+00
2.750567226340216997e+00
2.767651359082283324e+00
2.784735491824350095e+00
2.801819624566416422e+00
2.818903757308483193e+00
2.835987890050549964e+00
2.853072022792616291e+00
2.870156155534683062e+00
2.887240288276749389e+00
2.904324421018816160e+00
2.921408553760882931e+00
2.938492686502949258e+00
2.955576819245016029e+00
2.972660951987082356e+00
2.989745084729149127e+00
3.006829217471215898e+00
3.023913350213282225e+00
3.040997482955348996e+00
3.058081615697415323e+00
3.075165748439482094e+00
3.092249881181548865e+00
3.109334013923615192e+00
3.126418146665681963e+00
3.143502279407748290e+00
3.160586412149815061e+00
3.177670544891881832e+00
3.194754677633948159e+00
