2.692921206231478237e+00
2.698062909178855051e+00
2.703204612126232309e+00
2.708346315073609123e+00
2.713488018020985937e+00
2.718629720968363195e+00
2.723771423915740009e+00
2.728913126863117267e+00
2.734054829810494081e+00
2.739196532757870894e+00
2.744338235705248152e+00
2.749479938652624966e+00
2.754621641600001780e+00
2.759763344547379038e+00
2.764905047494755852e+00
2.770046750442133110e+00
2.775188453389509924e+00
2.780330156336886738e+00
2.785471859284263996e+00
2.790613562231640810e+00
2.795755265179017623e+00
2.800896968126394881e+00
2.806038671073771695e+00
2.811180374021148509e+00
2.816322076968525767e+00
2.821463779915902581e+00
2.826605482863279839e+00
2.831747185810656653e+00
2.836888888758033467e+00
2.842030591705410725e+00
2.847172294652787539e+00
