1.000000000000000000e+00
1.000000000000000000e+00
2.000000000000000000e+00
1.000000000000000000e+00
4.000000000000000000e+00
7.000000000000000000e+00
8.000000000000000000e+00
1.200000000000000000e+01
2.000000000000000000e+01
3.100000000000000000e+01
4.000000000000000000e+01
7.000000000000000000e+01
5.700000000000000000e+01
1.290000000000000000e+02
1.450000000000000000e+02
2.020000000000000000e+02
2.540000000000000000e+02
3.100000000000000000e+02
3.910000000000000000e+02
4.360000000000000000e+02
4.990000000000000000e+02
5.590000000000000000e+02
6.230000000000000000e+02
6.250000000000000000e+02
6.190000000000000000e+02
6.690000000000000000e+02
6.170000000000000000e+02
6.010000000000000000e+02
5.630000000000000000e+02
4.670000000000000000e+02
4.710000000000000000e+02
3.420000000000000000e+02
2.860000000000000000e+02
2.410000000000000000e+02
1.990000000000000000e+02
1.470000000000000000e+02
1.030000000000000000e+02
8.200000000000000000e+01
6.100000000000000000e+01
4.500000000000000000e+01
2.000000000000000000e+01
1.400000000000000000e+01
1.200000000000000000e+01
5.000000000000000000e+00
5.000000000000000000e+00
2.000000000000000000e+00
0.000000000000000000e+00
1.000000000000000000e+00
0.000000000000000000e+00
1.000000000000000000e+00
